SetDesc: "DSS07, alphas(MZ)=0.118. mem=0 => average on replicas;"
SetIndex: 000000
Authors: DSS
Reference: arXiv:xxxx
Format: lhagrid1
DataVersion: 2
NumMembers: 1
Particle: 2212
Flavors: [-5, -4, -3, -2, -1, 1, 2, 3, 4, 5, 21]
OrderQCD: 1
FlavorScheme: variable
NumFlavors: 5
ErrorType: weighted samples
XMin:     1.00e-02
XMax:     9.30e-01
QMin:     1.00e+00
QMax:     3.16e+02
MZ:    91.1876
MUp: 0.0
MDown: 0.0
MStrange: 0.0
MCharm: 1.3
MBottom: 4.5
MTop: 180.0
AlphaS_MZ: 0.118044
AlphaS_OrderQCD:  1
AlphaS_Type: ipol
AlphaS_Qs: [1.00000E+00, 1.11803E+00, 1.22474E+00, 1.58114E+00, 2.00000E+00, 2.52982E+00, 3.16228E+00, 3.87298E+00, 5.00000E+00, 6.32456E+00, 8.00000E+00, 1.00000E+01, 1.34164E+01, 1.78885E+01, 2.40832E+01, 3.16228E+01, 4.24264E+01, 5.65685E+01, 7.61577E+01, 1.00000E+02, 1.34164E+02, 1.78885E+02, 2.40832E+02, 3.16228E+02, ]
AlphaS_Vals: [4.51106E-01, 4.21490E-01, 3.98741E-01, 3.42069E-01, 3.03094E-01, 2.72742E-01, 2.49478E-01, 2.31750E-01, 2.13679E-01, 2.00114E-01, 1.88315E-01, 1.78383E-01, 1.66866E-01, 1.57002E-01, 1.48011E-01, 1.40662E-01, 1.33529E-01, 1.27241E-01, 1.21348E-01, 1.16420E-01, 1.11550E-01, 1.07163E-01, 1.02993E-01, 9.94474E-02, ]
AlphaS_Lambda4: 0
AlphaS_Lambda5: 0
